# Telegram Bot
BOT_TOKEN=7654137651:AAH-33bCEWeCSQeor9cZJHUwMZWY3ql4qQg
TELEGRAM_CHAT_IDS=441325406,452720463
latitude=28.49422191395481
longitude=77.08889562877948
